Bayesian Means
Mean0: 0.002000
Mean1: 0.002211
Mean2: 0.003158
Mean3: 0.002211
Mean4: 0.002737
Mean5: 0.002316
Mean6: 0.002842
Mean7: 0.002316
Mean8: 0.002421
Mean9: 0.002316

KNN Means

Mean0: 0.028421
Mean1: 0.001053
Mean2: 0.000000
Mean3: 0.001053
Mean4: 0.003158
Mean5: 0.002105
Mean6: 0.004211
Mean7: 0.000000
Mean8: 0.002105
Mean9: 0.001053